42.307
47.672
48.402
48.402
43.524
41.653
40.538
45.638
47.467
47.263
49.698
49.698
42.012
49.739
44.504
48.450
48.589
49.348
49.348
36.452
36.452
42.303
41.399
46.205
46.906
42.307
47.672
47.672
45.042
34.723
39.014
39.551
47.058
47.058
48.143
49.966
49.966
47.879
49.739
20.399
48.450
47.534
35.390
46.985
39.136
31.966
41.399
45.848
41.672
46.503
46.729
41.800
49.173
32.147
38.049
36.298
47.089
47.089
47.058
44.398
49.966
49.966
47.879
47.552
48.518
30.705
30.705
32.623
48.500
48.500
30.771
39.714
45.848
46.996
47.934
41.817
35.231
44.931
44.931
38.049
48.396
48.396
42.628
44.160
44.254
46.275
30.479
48.271
48.271
48.518
48.714
48.714
41.568
48.500
48.500
46.509
45.007
44.330
46.996
47.934
44.048
44.048
45.247
44.931
46.156
48.396
49.393
49.393
43.416
49.843
49.939
49.939
46.292
46.292
45.490
48.714
48.714
49.977
49.979
48.186
48.468
49.666
49.666
46.571
48.535
44.048
44.048
45.247
38.576
49.167
49.167
49.899
49.393
44.847
44.737
47.789
40.784
37.260
41.025
39.449
48.801
46.480
40.762
49.078
49.309
49.309
49.666
49.666
49.094
49.094
47.362
40.662
46.762
46.762
49.167
49.167
49.899
44.060
45.227
45.227
45.560
40.784
37.260
43.321
45.749
46.480
46.480
36.328
42.007
46.306
49.641
47.556
47.556
49.094
49.094
47.362
46.046
46.762
46.762
48.314
49.216
49.216
44.060
45.227
45.361
34.991
30.515
49.751
49.751
45.749
46.611
49.301
49.680
49.680
37.854
49.641
41.518
36.404
46.945
45.383
49.977
49.977
49.706
49.706
48.314
48.314
39.812
39.616
48.396
45.361
40.485
33.322
38.347
47.079
37.900
40.929
49.301
49.680
49.680
39.084
42.668
49.850
49.623
45.171
47.832
45.905
48.784
45.152
49.049
49.049
47.893
39.812
49.190
49.190
43.279
47.295
47.295
38.347
41.081
37.900
45.317
41.547
44.936
44.936
39.793
46.126
49.850
47.966
48.460
47.977
45.905
45.905
45.781
46.715
46.715
35.844
48.184
49.190
49.190
40.518
46.742
46.742
42.174
41.081
46.330
45.773
41.547
41.547
39.793
47.417
44.975
47.499
47.159
48.460
47.977
35.234
42.397
41.338
46.121
49.628
45.821
48.184
46.233
44.371
44.371
48.032
48.032
42.174
48.019
48.019
48.012
39.229
40.718
43.036
36.850
40.834
42.059
43.951
44.476
42.456
43.008
44.383
46.783
45.372
45.372
47.530
46.233
46.233
44.371
44.371
42.149
46.022
37.822
36.325
46.341
45.599
45.599
44.463
43.723
47.818
47.818
46.489
47.760
44.476
49.747
43.008
47.186
47.186
49.492
49.492
47.530
42.905
42.905
47.479
48.228
48.526
48.526
48.155
41.788
48.553
48.553
44.463
44.463
45.898
45.898
41.029
35.716
49.753
47.968
48.576
27.875
48.372
47.296
49.783
49.783
47.577
47.765
45.322
46.744
48.228
48.526
48.526
45.824
41.788
48.553
48.553
45.370
45.450
45.450
45.735
45.735
42.212
49.753
47.968
48.576
41.544
42.563
42.117
49.783
49.783
48.438
47.765
45.322
45.322
44.028
44.028
41.226
48.218
47.105
46.750
48.830
43.152
45.993
45.993
45.735
45.735
41.777
47.821
37.854
46.268
47.809
45.827
44.940
44.940
42.435
48.438
48.082
39.575
34.344
49.699
48.434
49.396
49.396
47.105
43.613
46.906
47.035
47.035
39.667
49.883
44.298
34.175
42.609
45.583
48.064
47.809
48.961
47.545
49.066
49.066
48.082
49.422
49.385
49.385
48.434
48.434
49.396
49.396
37.691
47.137
47.137
47.035
47.035
33.061
49.883
49.219
41.971
42.609
45.583
48.064
47.800
37.730
34.012
46.631
46.631
32.852
40.538
49.385
49.898
46.973
45.387
45.387
44.937
49.466
49.411
48.537
42.715
42.715
43.816
47.844
49.219
42.088
42.264
38.756
48.117
40.442
48.468
47.368
38.245
29.578
41.513
40.207
41.212
49.898
36.792
38.753
35.732
44.937
49.466
49.411
37.386
42.715
42.715
43.042
47.844
38.603
40.681
46.904
46.904
48.117
42.212
44.780
44.780
43.588
43.588
49.391
39.450
48.668
48.668
43.767
48.061
48.061
45.316
47.861
36.226
44.814
48.520
45.761
47.188
40.350
44.133
44.133
46.904
46.904
36.835
49.690
49.690
48.886
48.886
44.489
30.925
48.015
48.668
48.668
43.767
43.767
45.187
45.316
45.316
38.974
47.495
38.283
47.296
37.778
44.296
44.296
47.874
47.874
38.664
47.681
41.818
44.521
48.886
48.886
46.989
49.599
49.599
48.914
47.678
44.496
43.431
45.187
39.803
38.934
48.640
48.640
37.936
47.296
43.442
40.453
49.538
48.380
38.927
42.509
44.923
39.328
44.521
49.918
49.918
45.192
37.730
40.262
44.313
44.313
45.154
45.154
47.705
47.705
44.305
38.998
46.741
44.542
45.792
43.275
42.842
49.538
48.380
48.286
48.286
44.923
48.607
46.445
49.918
49.918
48.398
46.994
46.994
48.216
45.255
45.255
45.154
45.407
45.407
44.305
48.016
44.542
44.542
44.537
44.537
42.842
44.484
44.484
48.286
48.286
47.780
