18.492
20.237
25.980
33.480
29.564
32.084
31.039
34.823
28.428
24.167
21.903
17.637
18.502
22.765
28.179
25.146
24.270
28.484
27.588
29.472
20.557
29.735
28.373
28.789
23.613
9.871
18.694
24.896
28.795
30.088
22.661
22.292
20.715
31.461
24.477
19.928
21.784
25.248
29.267
27.171
29.882
31.303
21.660
20.309
24.357
31.857
26.835
19.745
32.973
29.609
27.816
14.925
20.184
21.349
25.548
18.569
20.407
21.279
15.665
25.965
31.553
25.996
21.119
24.424
31.231
23.263
29.729
30.410
30.171
16.998
20.566
27.468
27.546
19.576
22.389
25.533
33.644
15.043
20.449
16.021
22.983
20.730
17.674
30.057
20.335
15.011
17.174
25.740
27.953
27.983
24.270
19.039
24.681
24.122
30.022
26.775
20.640
23.059
23.324
19.859
19.674
22.612
25.903
8.173
29.478
32.227
30.286
34.123
24.860
21.707
17.543
24.022
23.578
29.711
37.412
31.009
30.022
23.220
28.879
25.807
20.323
27.377
27.988
26.242
23.708
18.822
24.540
29.817
26.779
10.193
22.709
23.798
32.324
24.803
22.156
26.579
29.012
34.139
28.400
28.325
25.929
28.669
24.498
27.287
30.648
30.750
27.331
21.951
32.014
34.468
28.506
23.646
24.731
32.483
30.407
12.499
31.134
27.659
26.396
18.514
23.521
31.661
16.208
21.079
25.298
28.527
25.287
34.601
27.429
19.260
25.892
22.976
27.241
24.642
25.257
27.399
30.271
29.619
20.564
33.319
25.026
11.060
30.845
29.753
27.999
20.188
16.775
27.815
27.662
24.999
26.984
21.647
26.302
28.974
24.376
21.890
20.059
11.992
20.601
23.692
28.175
29.901
29.107
34.254
35.287
28.519
30.012
13.252
23.903
24.072
21.828
28.507
21.994
26.273
26.923
17.346
20.650
27.394
25.119
27.874
21.350
22.379
16.802
20.920
26.456
26.640
26.827
28.873
28.216
27.029
29.963
29.231
31.781
8.050
21.178
24.517
26.121
27.782
28.122
25.267
26.156
25.749
28.044
25.725
20.394
23.555
19.539
23.728
22.389
29.327
28.929
18.017
27.465
27.415
31.029
17.379
22.722
23.984
20.607
4.383
24.201
27.868
29.846
34.409
33.612
28.477
26.853
27.483
23.354
13.667
14.552
26.890
28.234
16.541
24.919
32.610
18.915
27.630
30.443
27.279
22.514
19.143
28.952
23.005
21.665
6.633
24.407
29.543
20.589
28.030
26.096
27.721
20.894
21.107
25.851
25.476
28.523
27.480
24.482
17.635
18.132
21.187
18.567
23.442
24.437
23.741
16.708
21.743
25.483
20.214
23.143
10.109
23.004
29.417
24.740
25.646
22.687
24.598
21.770
24.086
22.486
26.942
35.529
24.028
19.167
26.481
20.798
18.877
23.554
18.933
18.257
20.973
23.830
19.877
15.356
26.108
21.761
12.258
18.081
27.930
31.409
27.725
29.282
30.508
27.910
16.674
22.542
27.725
28.306
24.065
29.468
40.890
28.282
23.597
26.211
21.371
23.152
20.370
28.537
22.915
25.507
26.354
20.930
7.775
19.404
20.335
18.126
23.815
20.593
18.848
23.984
26.506
24.844
27.836
23.144
18.524
32.270
27.884
18.000
21.106
31.253
28.690
24.352
33.090
32.227
23.167
24.986
24.259
24.386
11.341
25.149
22.264
18.295
31.078
26.493
19.073
19.110
19.273
16.386
20.904
23.960
20.443
27.052
26.151
21.541
22.512
23.094
26.006
20.488
27.523
25.389
30.615
23.608
25.363
30.114
7.646
23.702
19.965
23.701
25.263
29.795
29.319
26.021
23.693
9.211
18.364
20.882
24.462
26.508
30.317
18.085
25.882
29.722
27.769
25.461
26.600
21.316
25.615
22.940
31.094
29.806
8.248
23.994
23.461
28.839
27.371
25.400
27.489
25.371
30.050
21.663
19.238
25.839
23.199
24.730
25.031
19.625
27.956
36.382
31.082
30.962
30.533
28.726
24.577
27.555
31.965
30.929
9.264
25.712
22.017
25.579
25.792
22.600
30.862
24.052
28.138
27.086
19.255
30.678
31.022
22.581
27.181
25.494
30.866
28.310
29.444
31.089
19.558
18.517
19.632
23.824
29.868
31.254
8.692
28.080
21.815
14.395
21.417
25.309
30.941
22.966
15.455
22.756
20.381
23.400
21.391
24.101
24.669
22.712
29.506
19.369
23.547
25.090
17.104
22.029
20.201
19.322
18.751
23.433
6.735
21.141
25.066
18.073
27.322
33.051
30.797
25.630
21.834
26.062
23.499
21.235
25.943
29.332
20.858
22.422
28.389
25.619
18.768
18.690
28.128
24.301
20.788
25.437
19.677
18.434
3.914
23.954
22.049
27.396
30.275
19.457
20.583
22.627
29.531
40.058
24.967
20.842
22.628
27.458
27.925
18.771
28.782
20.289
18.165
22.802
27.744
25.576
29.093
26.343
22.751
24.229
12.596
25.048
18.969
26.480
29.109
20.975
21.707
23.483
24.649
30.435
25.949
20.811
23.675
29.100
33.963
29.900
31.586
32.252
28.131
23.466
23.354
16.075
29.211
26.585
24.364
28.525
12.743
20.192
26.880
27.714
27.961
23.889
28.676
27.692
24.847
26.958
30.384
24.153
29.512
35.542
31.777
26.568
25.162
19.023
25.388
25.063
27.832
26.969
21.268
18.823
25.386
29.002
11.523
20.822
